760,
951,
1026,
1074,
1298,
1505,
1543,
1553,
1571,
1782,
1798,
1862,
1927,
1956,
2043,
2061,
2063,
2072,
2081,
2105,
2133,
2147,
2150,
2157,
2172,
2217,
2246,
2251,
2266,
2315,
2336,
2372,
2420,
2467,
2473,
2474,
2496,
2613,
2664,
2682,
2690,
2694,
2698,
2699,
2707,
2719,
2737,
2737,
2742,
2756,
2772,
2778,
2787,
2799,
2843,
2843,
2875,
2879,
2883,
2896,
2928,
2930,
2935,
2940,
2940,
2947,
2973,
2996,
2998,
3012,
3019,
3044,
3044,
3045,
3049,
3056,
3065,
3085,
3093,
3093,
3115,
3119,
3122,
3136,
3139,
3147,
3168,
3168,
3178,
3187,
3190,
3206,
3206,
3228,
3261,
3280,
3289,
3289,
3299,
3309,
3318,
3341,
3344,
3353,
3357,
3361,
3369,
3383,
3402,
3403,
3407,
3410,
3417,
3422,
3424,
3425,
3426,
3426,
3436,
3453,
3463,
3466,
3470,
3482,
3483,
3486,
3497,
3498,
3501,
3504,
3517,
3517,
3525,
3525,
3527,
3532,
3548,
3563,
3569,
3591,
3599,
3607,
3610,
3610,
3611,
3613,
3613,
3619,
3628,
3628,
3641,
3641,
3651,
3653,
3658,
3666,
3681,
3694,
3694,
3696,
3698,
3701,
3717,
3717,
3727,
3732,
3739,
3755,
3774,
3783,
3812,
3818,
3820,
3825,
3825,
3840,
3859,
3861,
3865,
3866,
3907,
3910,
3914,
3947,
3955,
3957,
3970,
3974,
3979,
3981,
3984,
3986,
3995,
4011,
4016,
4022,
4028,
4030,
4031,
4033,
4051,
4053,
4056,
4061,
4081,
4086,
4086,
4086,
4087,
4095,
4096,
4096,
4104,
4108,
4124,
4127,
4128,
4129,
4133,
4141,
4150,
4163,
4163,
4164,
4166,
4167,
4173,
4173,
4180,
4182,
4184,
4186,
4186,
4211,
4215,
4225,
4236,
4236,
4239,
4241,
4244,
4250,
4259,
4265,
4272,
4273,
4278,
4292,
4298,
4307,
4308,
4319,
4324,
4324,
4325,
4327,
4330,
4336,
4339,
4345,
4353,
4361,
4362,
4363,
4366,
4371,
4375,
4378,
4395,
4402,
4408,
4412,
4413,
4415,
4415,
4416,
4417,
4424,
4424,
4429,
4432,
4437,
4440,
4440,
4443,
4448,
4458,
4458,
4460,
4460,
4460,
4460,
4466,
4469,
4472,
4472,
4474,
4478,
4482,
4483,
4488,
4495,
4496,
4500,
4503,
4509,
4518,
4535,
4539,
4540,
4546,
4546,
4546,
4552,
4552,
4555,
4555,
4555,
4557,
4557,
4559,
4560,
4566,
4571,
4575,
4579,
4580,
4583,
4588,
4593,
4598,
4598,
4621,
4623,
4626,
4630,
4632,
4635,
4639,
4639,
4639,
4639,
4639,
4641,
4646,
4650,
4650,
4650,
4650,
4657,
4659,
4659,
4659,
4659,
4659,
4659,
4660,
4666,
4667,
4679,
4680,
4682,
4683,
4684,
4701,
4704,
4705,
4705,
4710,
4711,
4721,
4723,
4724,
4726,
4726,
4729,
4730,
4732,
4733,
4740,
4743,
4743,
4746,
4750,
4754,
4755,
4757,
4758,
4758,
4760,
4761,
4761,
4761,
4761,
4763,
4763,
4777,
4779,
4782,
4782,
4784,
4788,
4789,
4790,
4798,
4799,
4805,
4814,
4814,
4814,
4815,
4818,
4820,
4822,
4824,
4824,
4827,
4834,
4837,
4837,
4842,
4843,
4845,
4846,
4856,
4862,
4865,
4871,
4873,
4875,
4877,
4880,
4881,
4881,
4887,
4887,
4887,
4887,
4887,
4887,
4887,
4892,
4893,
4894,
4898,
4899,
4900,
4902,
4902,
4903,
4904,
4905,
4909,
4909,
4910,
4913,
4913,
4913,
4913,
4913,
4914,
4916,
4916,
4916,
4919,
4919,
4922,
4922,
4922,
4922,
4922,
4922,
4922,
4925,
4927,
4927,
4928,
4933,
4936,
4943,
4943,
4950,
4951,
4954,
4957,
4957,
4957,
4959,
4959,
4960,
4968,
4973,
4973,
4978,
4982,
4982,
4984,
4985,
4987,
4987,
4989,
4989,
4990,
4990,
4994,
4999,
4999,
5001,
5003,
5006,
5010,
5013,
5013,
5013,
5017,
5018,
5019,
5019,
5021,
5022,
5024,
5028,
5033,
5033,
5035,
5036,
5036,
5036,
5041,
5042,
5045,
5047,
5048,
5051,
5051,
5051,
5051,
5054,
5057,
5057,
5057,
5060,
5060,
5064,
5066,
5077,
5077,
5077,
5079,
5080,
5081,
5081,
5084,
5084,
5087,
5092,
5092,
5095,
5095,
5095,
5097,
5106,
5109,
5109,
5109,
5109,
5109,
5109,
5109,
5109,
5109,
5109,
5110,
5110,
5112,
5113,
5115,
5115,
5115,
5117,
5118,
5118,
5118,
5118,
5118,
5118,
5118,
5118,
5118,
5118,
5118,
5118,
5120,
5120,
5120,
5121,
5122,
5123,
5124,
5131,
5131,
5131,
5134,
5134,
5134,
5135,
5135,
5136,
5138,
5140,
5140,
5144,
5144,
5148,
5149,
5149,
5151,
5151,
5151,
5151,
5151,
5151,
5152,
5156,
5156,
5157,
5157,
5160,
5160,
5160,
5160,
5160,
5166,
5167,
5168,
5168,
5168,
5170,
5177,
5180,
5187,
5190,
5191,
5199,
5199,
5200,
5200,
5200,
5200,
5200,
5200,
5201,
5202,
5205,
5205,
5205,
5205,
5209,
5209,
5209,
5210,
5211,
5211,
5214,
5214,
5219,
5225,
5228,
5230,
5234,
5234,
5234,
5236,
5243,
5243,
5243,
5243,
5249,
5249,
5250,
5251,
5251,
5251,
5252,
5252,
5253,
5254,
5258,
5260,
5260,
5261,
5263,
5264,
5270,
5271,
5273,
5273,
5273,
5273,
5273,
5273,
5273,
5273,
5273,
5277,
5278,
5278,
5279,
5279,
5279,
5279,
5279,
5279,
5281,
5282,
5283,
5283,
5283,
5283,
5287,
5290,
5290,
5290,
5290,
5294,
5295,
5296,
5299,
5299,
5299,
5299,
5299,
5299,
5299,
5299,
5299,
5299,
5300,
5301,
5302,
5305,
5305,
5305,
5307,
5308,
5308,
5308,
5308,
5308,
5313,
5313,
5313,
5314,
5315,
5324,
5324,
5324,
5324,
5324,
5324,
5324,
5324,
5324,
5324,
5324,
5329,
5330,
5330,
5330,
5330,
5330,
5330,
5330,
5330,
5330,
5330,
5330,
5332,
5333,
5333,
5333,
5333,
5333,
5333,
5333,
5333,
5333,
5335,
5336,
5336,
5340,
5340,
5345,
5347,
5347,
5347,
5347,
5347,
5347,
5347,
5347,
5347,
5347,
5349,
5349,
5349,
5353,
5353,
5353,
5353,
5353,
5353,
5353,
5353,
5353,
5353,
5355,
5356,
5356,
5356,
5356,
5356,
5356,
5359,
5359,
5359,
5359,
5359,
5361,
5362,
5367,
5369,
5372,
5372,
5372,
5372,
5372,
5372,
5372,
5372,
5372,
5372,
5373,
5375,
5375,
5378,
5378,
5378,
5378,
5378,
5378,
5378,
5378,
5381,
5381,
5381,
5381,
5381,
5389,
5389,
5389,
5395,
5395,
5395,
5401,
5405,
5413,
5414,
5416,
5416,
5416,
5418,
5422,
5424,
5424,
5425,
5428,
5428,
5428,
5428,
5428,
5430,
5432,
5433,
5439,
5439,
5440,
5443,
5445,
5445,
5445,
5445,
5447,
5448,
5449,
5449,
5454,
5457,
5458,
5458,
5462,
5462,
5462,
5464,
5464,
5467,
5467,
5468,
5468,
5470,
5470,
5472,
5473,
5473,
5473,
5473,
5474,
5474,
5477,
5477,
5477,
5479,
5483,
5483,
5483,
5483,
5484,
5485,
5486,
5487,
5493,
5494,
5495,
5495,
5495,
5495,
5495,
5495,
5495,
5495,
5495,
5495,
5495,
5495,
5495,
5495,
5495,
5495,
5495,
5495,
5497,
5500,
5500,
5501,
5501,
5501,
5501,
5501,
5502,
5503,
5503,
5504,
5504,
5504,
5504,
5504,
5504,
5506,
5506,
5514,
5514,
5514,
5514,
5514,
5514,
5514,
5514,
5514,
5514,
5514,
5514,
5514,
5515,
5516,
5518,
5519,
5519,
5519,
5520,
5520,
5520,
5520,
5520,
5520,
5520,
5521,
5523,
5523,
5523,
5523,
5523,
5523,
5523,
5523,
5523,
5523,
5523,
5524,
5525,
5528,
5530,
5531,
5534,
5535,
5543,
5544,
5545,
5545,
5545,
5545,
5545,
5545,
5545,
5545,
5545,
5545,
5550,
5551,
5551,
5551,
5555,
5555,
5555,
5555,
5555,
5555,
5555,
5555,
5555,
5557,
5560,
5564,
5567,
5568,
5568,
5568,
5568,
5568,
5568,
5568,
5568,
5568,
5568,
5568,
5568,
5568,
5568,
5568,
5568,
5568,
5568,
5568,
5569,
5569,
5574,
5574,
5574,
5574,
5574,
5574,
5574,
5574,
5574,
5574,
5574,
5574,
5574,
5574,
5574,
5577,
5577,
5577,
5577,
5577,
5577,
5577,
5581,
5586,
5587,
5587,
5587,
5587,
5587,
5587,
5587,
5587,
5587,
5587,
5587,
5587,
5587,
5587,
5587,
5587,
5587,
5587,
5587,
5587,
5587,
5587,
5587,
5587,
5587,
5587,
5587,
5587,
5587,
5587,
5587,
5587,
5587,
5587,
5587,
5587,
5587,
5587,
5587,
5587,
5587,
5587,
5589,
5590,
5593,
5593,
5593,
5593,
5593,
5593,
5593,
5593,
5593,
5593,
5593,
5593,
5593,
5593,
5593,
5593,
5593,
5593,
5593,
5593,
5593,
5593,
5593,
5593,
5595,
5596,
5596,
5596,
5596,
5596,
5596,
5596,
5596,
5596,
5596,
5596,
5596,
5598,
5601,
5602,
5605,
5611,
5613,
5615,
5617,
5619,
5620,
5627,
5629,
5630,
5634,
5635,
5635,
5641,
5641,
5644,
5644,
5645,
5645,
5645,
5653,
5658,
5658,
5658,
5658,
5658,
5660,
5660,
5666,
5666,
5666,
5666,
5666,
5668,
5668,
5669,
5669,
5674,
5676,
5677,
5677,
5677,
5677,
5677,
5677,
5677,
5677,
5679,
5679,
5679,
5679,
5679,
5683,
5683,
5683,
5683,
5684,
5684,
5685,
5685,
5685,
5685,
5685,
5685,
5687,
5688,
5688,
5697,
5697,
5698,
5699,
5699,
5699,
5700,
5700,
5707,
5707,
5709,
5709,
5710,
5710,
5710,
5710,
5710,
5710,
5710,
5710,
5710,
5710,
5710,
5710,
5710,
5710,
5710,
5710,
5716,
5716,
5716,
5719,
5719,
5719,
5719,
5719,
5719,
5719,
5719,
5719,
5719,
5719,
5719,
5719,
5719,
5719,
5719,
5725,
5725,
5726,
5729,
5735,
5736,
5736,
5737,
5739,
5739,
5740,
5740,
5740,
5745,
5746,
5746,
5747,
5749,
5750,
5754,
5756,
5756,
5756,
5760,
5760,
5761,
5762,
5769,
5771,
5771,
5772,
5772,
5772,
5772,
5772,
5774,
5775,
5782,
5782,
5783,
5783,
5783,
5783,
5783,
5783,
5783,
5783,
5783,
5783,
5783,
5783,
5783,
5783,
5783,
5783,
5783,
5783,
5783,
5783,
5783,
5783,
5783,
5783,
5783,
5783,
5783,
5783,
5783,
5783,
5783,
5783,
5783,
5783,
5783,
5783,
5783,
5783,
5783,
5783,
5783,
5783,
5783,
5783,
5783,
5783,
5783,
5783,
5783,
5783,
5783,
5783,
5783,
5783,
5783,
5783,
5783,
5783,
5783,
5783,
5783,
5783,
5783,
5783,
5783,
5783,
5783,
5783,
5783,
5783,
5783,
5783,
5783,
5783,
5783,
5783,
5783,
5783,
5783,
5783,
5783,
5783,
5783,
5783,
5783,
5783,
5783,
5783,
5783,
5783,
5783,
5783,
5783,
5783,
5783,
5783,
5783,
5783,
5783,
5783,
5783,
5783,
5783,
5783,
5783,
5783,
5783,
5783,
5783,
5783,
5783,
5783,
5783,
5783,
5783,
5783,
5783,
5783,
5783,
5783,
5783,
5783,
5783,
5783,
5783,
5783,
5783,
5783,
5783,
5783,
5783,
5783,
5783,
5783,
5783,
5788,
5788,
5788,
5788,
5788,
5789,
5789,
5789,
5789,
5789,
5789,
5789,
5789,
5789,
5789,
5789,
5789,
5789,
5789,
5789,
5789,
5789,
5789,
5789,
5789,
5789,
5789,
5789,
5789,
5789,
5789,
5789,
5789,
5789,
5789,
5789,
5789,
5789,
5789,
5789,
5789,
5789,
5789,
5789,
5789,
5789,
5789,
5789,
5789,
5789,
5789,
5789,
5789,
5789,
5789,
5789,
5789,
5789,
5789,
5789,
5789,
5789,
5789,
5789,
5789,
5789,
5789,
5789,
5789,
5789,
5789,
5789,
5789,
5789,
5789,
5789,
5789,
5789,
5789,
5789,
5789,
5789,
5789,
5789,
5789,
5789,
5789,
5789,
5789,
5789,
5789,
5789,
5791,
5791,
5791,
5792,
5792,
5792,
5792,
5792,
5792,
5792,
5792,
5792,
5792,
5792,
5792,
5792,
5792,
5792,
5792,
5792,
5792,
5792,
5792,
5792,
5792,
5792,
5792,
5792,
5792,
5792,
5792,
5792,
5792,
5792,
5792,
5792,
5792,
5792,
5792,
5792,
5792,
5792,
5792,
5792,
5792,
5792,
5792,
5792,
5792,
5792,
5792,
5792,
5792,
5792,
5792,
5792,
5792,
5793,
5800,
5810,
5821,
5824,
5829,
5835,
5838,
5840,
5853,
5853,
5855,
5858,
5860,
5862,
5863,
5864,
5864,
5869,
5873,
5873,
5873,
5873,
5873,
5873,
5873,
5873,
5873,
5873,
5873,
5874,
5874,
5874,
5875,
5875,
5875,
5875,
5875,
5875,
5875,
5875,
5875,
5875,
5875,
5875,
5875,
5875,
5875,
5875,
5875,
5875,
5875,
5875,
5875,
5875,
5875,
5875,
5876,
5879,
5879,
5879,
5880,
5880,
5880,
5881,
5881,
5881,
5881,
5881,
5881,
5881,
5881,
5881,
5881,
5881,
5881,
5881,
5881,
5881,
5881,
5881,
5881,
5881,
5881,
5881,
5881,
5881,
5881,
5881,
5881,
5881,
5881,
5881,
5881,
5881,
5881,
5881,
5883,
5883,
5883,
5883,
5883,
5883,
5883,
5883,
5884,
5884,
5884,
5884,
5884,
5884,
5884,
5884,
5886,
5894,
5904,
5905,
5905,
5905,
5905,
5905,
5905,
5911,
5914,
5914,
5914,
5926,
5926,
5926,
5932,
5932,
5932,
5932,
5932,
5932,
5935,
5935,
5936,
5936,
5936,
5938,
5938,
5938,
5942,
5942,
5945,
5954,
5956,
5963,
5964,
5966,
5967,
5967,
5967,
5967,
5975,
5975,
5975,
5978,
5978,
5978,
5978,
5978,
5978,
5978,
5978,
5978,
5978,
5978,
5978,
5978,
5978,
5978,
5978,
5978,
5978,
5978,
5978,
5978,
5978,
5978,
5978,
5978,
5978,
5978,
5978,
5978,
5978,
5978,
5978,
5978,
5978,
5978,
5984,
5984,
5984,
5984,
5984,
5984,
5984,
5984,
5984,
5984,
5984,
5984,
5984,
5984,
5984,
5984,
5984,
5984,
5984,
5984,
5984,
5984,
5984,
5984,
5984,
5984,
5984,
5987,
5987,
5987,
5987,
5987,
5987,
5987,
5987,
5987,
5987,
5987,
5987,
5987,
5987,
6013,
6017,
6023,
6027,
6027,
6028,
6033,
6041,
6049,
6057,
6059,
6059,
6059,
6059,
6059,
6059,
6065,
6070,
6070,
6070,
6070,
6070,
6070,
6070,
6070,
6070,
6070,
6070,
6070,
6070,
6070,
6070,
6070,
6070,
6070,
6070,
6070,
6070,
6070,
6070,
6070,
6070,
6070,
6070,
6070,
6070,
6070,
6070,
6070,
6070,
6070,
6070,
6070,
6070,
6070,
6070,
6070,
6070,
6070,
6070,
6070,
6070,
6070,
6070,
6070,
6070,
6070,
6070,
6076,
6076,
6076,
6076,
6076,
6076,
6076,
6076,
6076,
6076,
6076,
6076,
6076,
6076,
6076,
6076,
6076,
6076,
6076,
6076,
6076,
6076,
6076,
6076,
6076,
6076,
6076,
6076,
6076,
6076,
6076,
6076,
6076,
6076,
6076,
6076,
6076,
6076,
6076,
6076,
6076,
6076,
6076,
6076,
6076,
6076,
6076,
6076,
6076,
6076,
6076,
6076,
6076,
6076,
6076,
6076,
6076,
6076,
6076,
6076,
6076,
6076,
6076,
6076,
6076,
6076,
6076,
6076,
6076,
6076,
6076,
6076,
6076,
6076,
6076,
6076,
6076,
6076,
6076,
6076,
6076,
6079,
6079,
6079,
6079,
6079,
6079,
6079,
6079,
6079,
6079,
6079,
6079,
6079,
6079,
6079,
6079,
6079,
6079,
6079,
6079,
6079,
6079,
6085,
6094,
6099,
6102,
6103,
6103,
6104,
6111,
6119,
6120,
6121,
6127,
6134,
6139,
6142,
6151,
6154,
6166,
6166,
6166,
6166,
6169,
6170,
6170,
6179,
6193,
6201,
6207,
6213,
6220,
6222,
6223,
6233,
6236,
6238,
6242,
6246,
6251,
6252,
6253,
6268,
6274,
6298,
6323,
6341,
6344,
6344,
6369,
6375,
6387,
6389,
6428,
6444,
6463,
6468,
6477,
6481,
6502,
6508,
6514,
6530,
6593,
6612,
6641,
6664,
6684,
6702,
6708,
6716,
6750,
6764,
6765,
6790,
6877,
6921