6663,
6592,
6437,
6464,
6543,
5903,
3006,
6837,
3294,
5920,
5049,
6179,
6020,
5558,
6005,
2681,
6006,
6178,
2935,
6181,
2344,
4215,
3902,
4309,
6196,
4232,
2386,
3908,
6643,
5911,
4902,
5900,
3394,
5825,
2912,
2163,
4532,
5773,
2398,
4325,
2647,
4193,
3268,
3621,
5494,
5988,
2240,
2240,
2487,
4347,
5750,
6479,
5398,
3933,
6077,
6077,
6433,
3405,
5691,
6107,
3970,
5823,
6214,
2840,
5467,
3631,
4689,
5556,
6295,
2229,
3651,
1931,
5416,
4914,
6473,
6222,
4389,
5673,
6106,
6106,
4510,
2650,
6545,
5513,
6124,
5938,
5007,
5554,
2810,
3275,
5176,
1992,
3323,
4930,
4293,
5906,
2010,
2010,
5135,
2753,
6060,
3059,
3722,
3404,
5756,
2273,
3432,
5354,
3601,
6398,
6095,
6147,
3250,
4668,
6420,
5908,
5381,
5617,
2222,
5698,
1933,
4583,
3814,
3312,
3203,
3072,
5715,
5597,
5927,
3800,
5943,
6026,
4234,
4532,
3266,
4198,
2601,
2702,
3928,
4393,
3601,
5563,
4118,
5392,
4830,
3065,
5493,
4888,
5222,
5995,
3181,
6517,
2637,
2780,
2577,
2756,
3115,
2253,
5283,
4482,
4959,
4820,
2938,
3500,
5783,
3602,
2535,
6011,
5265,
6213,
6219,
4472,
4086,
5954,
5954,
3377,
5424,
5526,
5381,
5173,
5921,
3700,
5340,
6067,
5479,
5679,
5629,
5422,
6346,
5759,
5980,
5651,
5080,
6024,
3060,
3428,
3537,
5525,
4929,
5300,
3709,
5876,
3526,
5552,
5736,
4119,
5711,
5711,
3836,
4848,
5541,
5541,
5000,
4565,
3578,
5433,
3422,
6027,
4845,
4936,
5828,
2782,
6257,
3471,
4907,
6012,
3880,
6143,
5468,
3192,
5877,
5161,
5161,
6285,
5753,
5529,
3896,
4751,
5912,
4718,
6009,
5936,
6054,
5396,
3535,
4703,
5892,
5336,
5041,
5095,
5611,
3342,
5143,
5831,
5668,
5994,
4699,
5740,
5572,
5570,
2923,
6105,
5945,
5757,
5222,
1638,
5541,
5116,
5994,
4018,
5060,
5913,
5692,
4936,
5451,
5873,
4241,
5280,
5280,
2727,
6185,
5203,
4322,
5244,
5563,
5628,
5457,
5457,
6119,
6119,
6119,
6119,
5398,
4822,
5658,
5729,
4546,
5666,
5488,
3462,
5782,
1753,
4287,
5518,
1943,
4948,
5839,
3148,
5833,
4777,
5567,
5785,
5785,
4853,
5862,
5413,
5560,
5560,
5640,
5640,
3496,
6109,
6241,
5524,
4618,
5482,
2898,
5689,
5232,
5876,
4995,
5787,
3937,
4844,
5723,
5558,
5820,
3199,
4458,
5305,
5305,
5305,
5305,
5338,
3548,
5729,
5729,
5729,
5729,
5089,
5559,
5559,
5559,
5559,
5559,
5559,
5329,
5902,
5644,
5385,
3666,
5620,
3209,
1960,
5164,
4909,
5892,
5892,
5631,
6024,
5418,
5819,
4712,
5902,
5902,
4925,
5540,
2275,
3890,
5349,
5178,
5486,
5481,
5179,
5602,
4680,
5827,
5855,
5855,
5660,
5525,
5525,
5525,
5525,
3782,
5432,
5698,
5704,
5399,
5399,
5188,
4654,
2182,
5332,
5713,
4949,
4004,
5777,
5777,
5777,
5775,
5944,
5909,
4575,
3827,
5606,
5892,
3621,
5194,
5773,
5650,
5905,
5447,
5348,
6029,
5189,
5144,
5785,
4463,
5055,
5761,
4560,
5458,
5458,
5849,
5849,
5849,
5849,
5849,
5849,
5849,
5351,
4905,
5981,
4406,
4215,
5712,
5218,
5218,
5645,
4622,
5925,
5655,
5655,
6028,
5642,
5642,
5642,
5642,
5642,
5725,
5094,
5743,
5743,
5774,
5774,
5472,
5472,
5472,
5472,
5472,
5875,
5875,
5573,
5061,
5518,
3061,
4321,
5230,
5749,
5749,
5561,
2515,
3624,
5484,
5484,
5558,
5390,
5830,
5660,
5660,
3538,
5784,
5469,
2265,
3960,
1586,
5331,
5298,
5428,
5815,
5815,
3243,
5217,
5430,
5645,
5645,
1342,
5262,
5363,
5689,
2320,
5092,
5092,
5138,
4593,
5519,
5519,
4963,
5363,
5058,
4959,
3732,
5732,
5483,
3104,
5676,
5676,
3689,
5808,
5312,
5076,
3493,
4567,
5872,
5872,
5872,
5297,
5465,
6004,
6004,
5702,
5702,
4796,
5198,
5690,
5690,
5690,
5340,
4886,
4761,
5857,
5822,
5822,
5519,
5690,
5690,
5388,
5388,
5388,
5644,
5986,
5601,
5601,
5601,
5601,
5601,
5601,
5601,
5748,
5748,
5748,
5139,
5139,
5702,
5575,
5733,
5733,
5880,
4902,
5431,
5431,
5431,
5431,
5431,
5431,
5431,
5431,
5431,
5578,
5578,
5578,
1513,
4579,
5059,
5531,
5747,
5117,
5430,
4837,
5025,
5281,
3884,
5542,
5542,
3395,
4932,
5126,
4968,
5674,
5674,
1486,
5371,
5292,
4834,
4834,
5762,
5762,
5762,
5762,
5762,
5762,
5491,
4439,
5847,
5894,
5894,
5050,
5591,
5591,
5591,
5591,
5173,
5494,
4978,
4978,
5310,
4694,
5346,
5426,
5691,
5474,
5906,
4939,
5368,
5530,
5530,
5530,
5530,
5530,
5530,
5791,
2309,
5353,
5353,
5500,
5623,
5051,
5051,
5360,
5620,
3252,
5228,
4737,
4737,
5914,
2088,
2652,
4957,
4991,
4991,
4991,
3982,
5804,
5804,
5804,
5804,
5936,
5936,
3966,
5211,
5606,
5606,
5634,
5634,
5140,
5631,
4951,
5435,
5435,
4073,
5224,
2948,
2719,
4910,
5602,
5602,
5602,
5649,
5649,
5649,
5649,
5649,
5649,
5816,
5480,
5480,
5734,
5734,
5781,
5781,
5781,
5781,
4037,
5432,
5478,
5478,
5478,
5948,
5624,
4361,
4881,
5150,
5322,
5400,
4593,
5403,
5589,
5589,
5589,
5589,
5589,
5589,
5589,
5589,
5589,
5589,
4980,
5432,
4170,
5721,
5721,
5721,
3552,
5419,
5419,
5419,
5419,
5419,
5254,
5254,
5254,
3693,
4572,
5678,
5678,
5678,
5678,
5678,
5678,
5678,
5678,
5678,
5678,
5678,
2269,
5501,
5501,
5501,
5501,
5501,
5501,
5810,
5810,
5810,
5810,
5810,
4398,
5424,
5508,
5508,
5508,
5508,
5508,
5508,
5508,
5508,
3007,
5296,
5633,
5330,
5330,
4776,
4068,
5721,
5721,
5721,
5721,
5721,
5721,
5721,
5721,
5721,
5472,
5472,
5472,
5853,
5853,
5853,
5853,
5853,
5853,
5853,
5853,
5853,
5853,
4878,
5550,
5550,
5550,
5550,
5550,
5550,
5301,
5301,
5301,
5301,
5301,
5237,
4632,
2541,
4629,
4797,
5088,
5661,
5661,
5661,
5661,
5661,
5661,
5661,
5661,
5052,
4032,
4966,
5793,
5793,
5793,
5793,
5793,
5793,
5793,
5793,
5491,
5491,
5491,
5491,
5491,
5209,
5209,
5209,
4208,
5220,
5220,
4392,
5296,
3375,
5298,
5016,
5720,
5720,
2033,
4477,
5127,
5127,
4547,
4430,
4558,
5338,
5338,
5338,
5459,
4781,
4607,
5763,
5763,
2827,
4006,
3584,
5895,
5895,
5895,
4464,
5593,
4921,
5260,
3434,
4447,
5137,
5137,
5281,
5281,
5281,
4923,
5704,
5281,
5281,
5413,
5536,
5836,
5836,
5111,
5028,
5413,
5413,
5413,
4752,
5039,
3908,
5111,
5111,
5159,
4857,
5057,
5057,
5057,
5124,
4646,
4840,
3827,
4438,
4464,
5548,
5548,
5548,
5548,
5548,
5548,
5548,
5548,
5548,
5548,
5548,
5548,
5548,
5548,
5548,
5548,
5548,
5548,
3838,
4840,
5758,
3957,
5680,
5680,
5680,
5680,
3345,
5095,
5095,
5378,
5378,
5378,
5378,
5378,
5378,
5890,
5890,
4531,
4694,
5519,
5519,
5519,
5519,
5519,
5519,
5519,
5519,
5519,
5519,
5519,
5388,
5337,
4958,
5612,
5612,
5612,
5651,
5651,
5651,
5651,
5651,
5651,
5651,
5011,
2047,
5349,
5349,
5349,
5349,
5349,
5349,
5349,
5349,
5349,
5349,
4315,
3724,
5441,
4519,
4840,
5006,
5515,
3585,
5405,
5430,
5430,
5430,
5430,
5430,
5430,
5430,
5430,
5430,
5430,
5537,
5562,
5562,
5562,
5260,
5260,
5260,
5260,
5260,
5260,
5260,
5260,
5260,
5196,
5578,
5288,
4732,
4985,
4985,
5620,
5620,
5620,
5620,
5620,
5620,
5620,
5620,
5620,
5620,
5620,
5620,
5620,
5620,
5620,
5620,
5620,
3651,
5408,
5752,
5752,
5752,
5752,
5752,
5752,
5752,
5752,
5752,
5752,
5752,
5752,
5752,
5752,
5752,
5450,
5450,
5450,
5450,
5450,
5450,
5450,
5324,
5199,
5591,
5591,
5591,
5591,
5591,
5591,
5591,
5591,
5591,
5591,
5591,
5591,
5591,
5591,
5591,
5591,
5591,
5591,
5591,
5591,
5591,
5591,
5591,
5591,
5591,
5591,
5591,
5591,
5591,
5591,
5591,
5591,
5591,
5591,
5591,
5591,
5591,
5591,
5591,
5591,
5591,
5591,
3522,
5153,
4418,
5723,
5723,
5723,
5723,
5723,
5723,
5723,
5723,
5723,
5723,
5723,
5723,
5723,
5723,
5723,
5723,
5723,
5723,
5723,
5723,
5723,
5723,
5723,
4997,
5421,
5421,
5421,
5421,
5421,
5421,
5421,
5421,
5421,
5421,
5421,
5421,
4609,
4952,
4474,
3719,
4389,
5100,
4837,
4566,
2097,
5483,
4595,
3438,
3968,
2236,
5050,
5050,
4055,
4487,
4898,
5296,
4880,
4880,
4880,
5070,
5240,
5240,
5240,
5240,
5240,
5663,
5663,
4787,
4787,
4787,
5075,
5794,
5070,
5070,
5492,
5492,
4567,
1926,
5211,
5211,
5211,
5211,
5211,
5211,
5211,
5211,
5634,
5634,
5634,
5634,
5634,
5343,
5343,
5343,
5343,
4355,
4462,
5765,
5765,
5765,
5765,
5765,
5765,
5041,
5157,
5463,
3961,
3961,
4986,
4798,
5053,
5053,
4511,
4912,
4091,
5406,
5453,
5453,
5478,
5478,
5478,
5478,
5478,
5478,
5478,
5478,
5478,
5478,
5478,
5478,
5478,
5478,
5478,
5478,
5610,
5610,
5610,
4893,
5307,
5307,
5307,
5307,
5307,
5307,
5307,
5307,
5307,
5307,
5307,
5307,
5307,
5307,
5307,
4516,
4604,
4629,
4939,
4466,
4941,
4941,
5262,
5147,
5147,
5364,
5364,
5364,
4486,
4770,
5496,
3434,
5193,
4288,
5040,
3772,
5537,
5537,
3011,
4357,
5407,
5669,
5253,
5100,
5100,
5126,
5126,
5126,
5126,
5126,
5246,
5385,
5525,
5525,
5550,
5550,
5550,
5550,
5550,
5550,
5550,
5550,
5550,
5550,
5550,
5550,
5550,
5550,
5550,
5550,
5550,
5550,
5550,
5550,
5550,
5550,
5550,
5550,
5550,
5550,
5550,
5550,
5550,
5550,
5550,
5550,
5550,
5550,
5550,
5550,
5550,
5550,
5550,
5550,
5550,
5550,
5550,
5550,
5550,
5550,
5550,
5550,
5550,
5550,
5550,
5550,
5550,
5550,
5550,
5550,
5550,
5550,
5550,
5550,
5550,
5550,
5550,
5550,
5550,
5550,
5550,
5550,
5550,
5550,
5550,
5550,
5550,
5550,
5550,
5550,
5550,
5550,
5550,
5550,
5550,
5550,
5550,
5550,
5550,
5550,
5550,
5550,
5550,
5550,
5550,
5550,
5550,
5550,
5550,
5550,
5550,
5550,
5550,
5550,
5550,
5550,
5550,
5550,
5550,
5550,
5550,
5550,
5550,
5550,
5550,
5550,
5550,
5550,
5550,
5550,
5550,
5550,
5550,
5550,
5550,
5550,
5550,
5550,
5550,
5550,
5550,
5550,
5550,
5550,
5550,
5550,
5550,
5550,
5550,
4606,
4606,
4606,
4606,
5657,
5682,
5682,
5682,
5682,
5682,
5682,
5682,
5682,
5682,
5682,
5682,
5682,
5682,
5682,
5682,
5682,
5682,
5682,
5682,
5682,
5682,
5682,
5682,
5682,
5682,
5682,
5682,
5682,
5682,
5682,
5682,
5682,
5682,
5682,
5682,
5682,
5682,
5682,
5682,
5682,
5682,
5682,
5682,
5682,
5682,
5682,
5682,
5682,
5682,
5682,
5682,
5682,
5682,
5682,
5682,
5682,
5682,
5682,
5682,
5682,
5682,
5682,
5682,
5682,
5682,
5682,
5682,
5682,
5682,
5682,
5682,
5682,
5682,
5682,
5682,
5682,
5682,
5682,
5682,
5682,
5682,
5682,
5682,
5682,
5682,
5682,
5682,
5354,
5354,
5354,
5380,
5380,
5380,
5380,
5380,
5380,
5380,
5380,
5380,
5380,
5380,
5380,
5380,
5380,
5380,
5380,
5380,
5380,
5380,
5380,
5380,
5380,
5380,
5380,
5380,
5380,
5380,
5380,
5380,
5380,
5380,
5380,
5380,
5380,
5380,
5380,
5380,
5380,
5380,
5380,
5380,
5380,
5380,
5380,
5380,
5380,
5380,
5380,
5380,
5380,
5380,
5380,
5380,
5380,
4924,
5098,
4927,
4271,
2747,
3724,
3971,
4812,
3589,
5204,
5204,
3105,
4453,
3441,
4745,
5142,
5168,
5168,
4055,
5170,
5170,
5170,
5170,
5170,
5170,
5170,
5170,
5170,
5170,
5170,
5567,
5567,
5567,
5592,
5592,
5592,
5592,
5592,
5592,
5592,
5592,
5592,
5592,
5592,
5592,
5592,
5592,
5592,
5592,
5592,
5592,
5592,
5592,
5592,
5592,
5592,
5592,
4300,
5302,
5302,
5302,
5699,
5699,
5699,
3934,
5724,
5724,
5724,
5724,
5724,
5724,
5724,
5724,
5724,
5724,
5724,
5724,
5724,
5724,
5724,
5724,
5724,
5724,
5724,
5724,
5724,
5724,
5724,
5724,
5724,
5724,
5724,
5724,
5724,
5724,
5724,
5724,
4999,
4999,
4999,
4999,
4999,
4999,
4999,
5396,
5422,
5422,
5422,
5422,
5422,
5422,
5422,
5422,
4286,
4987,
4426,
5411,
5411,
5411,
5411,
5411,
5411,
5543,
5241,
5241,
5241,
5277,
5277,
5277,
4900,
4900,
4900,
4900,
5408,
5408,
4893,
5106,
3921,
4918,
4918,
5031,
5031,
5031,
4729,
4729,
2531,
4788,
5130,
3598,
5187,
4374,
5059,
5059,
5059,
5059,
5042,
5042,
5042,
5484,
5484,
5484,
5484,
5484,
5484,
5484,
5484,
5484,
5484,
5484,
5484,
5484,
5484,
5484,
5484,
5484,
5484,
5484,
5484,
5484,
5484,
5484,
5484,
5484,
5484,
5484,
5484,
5484,
5484,
5484,
5484,
5484,
5484,
5484,
5615,
5615,
5615,
5615,
5615,
5615,
5615,
5615,
5615,
5615,
5615,
5615,
5615,
5615,
5615,
5615,
5615,
5615,
5615,
5615,
5615,
5615,
5615,
5615,
5615,
5615,
5615,
5313,
5313,
5313,
5313,
5313,
5313,
5313,
5313,
5313,
5313,
5313,
5313,
5313,
5313,
3894,
4422,
4467,
3758,
5148,
4327,
3579,
4304,
4400,
5058,
4002,
5101,
5101,
5101,
5101,
5101,
4301,
5526,
5526,
5526,
5526,
5526,
5526,
5526,
5526,
5526,
5526,
5526,
5526,
5526,
5526,
5526,
5526,
5526,
5526,
5526,
5526,
5526,
5526,
5526,
5526,
5526,
5526,
5526,
5526,
5526,
5526,
5526,
5526,
5526,
5526,
5526,
5526,
5526,
5526,
5526,
5526,
5526,
5526,
5526,
5526,
5526,
5526,
5526,
5526,
5526,
5526,
5526,
5658,
5658,
5658,
5658,
5658,
5658,
5658,
5658,
5658,
5658,
5658,
5658,
5658,
5658,
5658,
5658,
5658,
5658,
5658,
5658,
5658,
5658,
5658,
5658,
5658,
5658,
5658,
5658,
5658,
5658,
5658,
5658,
5658,
5658,
5658,
5658,
5658,
5658,
5658,
5658,
5658,
5658,
5658,
5658,
5658,
5658,
5658,
5658,
5658,
5658,
5658,
5658,
5658,
5658,
5658,
5658,
5658,
5658,
5658,
5658,
5658,
5658,
5658,
5658,
5658,
5658,
5658,
5658,
5658,
5658,
5658,
5658,
5658,
5658,
5658,
5658,
5658,
5658,
5658,
5658,
5658,
5355,
5355,
5355,
5355,
5355,
5355,
5355,
5355,
5355,
5355,
5355,
5355,
5355,
5355,
5355,
5355,
5355,
5355,
5355,
5355,
5355,
5355,
3805,
4537,
2132,
4506,
4366,
4438,
3445,
4597,
2085,
3866,
5210,
4833,
3660,
4570,
2439,
5064,
3224,
5278,
5278,
5278,
5278,
3209,
4264,
4975,
2766,
4571,
4217,
3456,
4380,
3234,
5082,
4894,
4405,
4102,
4580,
4074,
4688,
3856,
4820,
2765,
3189,
3272,
3739,
3644,
2654,
3814,
5033,
1460,
3188,
4060,
3920,
4521,
3952,
4803,
1877,
4264,
3962,
3502,
2357,
3537,
1870,
3486,
4152,
2165,
2975,
2896,
2951,
2746,
3704,
2576,
2516,
3019,
3089,
3050,
1926